[    317.50,     38.18,     61.24,     33.05]
[   1145.61,     80.08,     36.38,     37.79]
[    754.34,    731.41,     48.37,     44.18]
[     16.12,   1107.49,     32.89,     23.31]
[     40.91,    732.09,     97.93,     40.59]
[     12.19,     14.32,    682.25,     17.30]
[     64.52,     75.27,    317.63,     51.74]
[     44.94,     34.02,     41.74,    335.22]
[     29.25,     34.73,     31.79,    710.37]
[     73.11,     76.80,     54.09,     43.63]
[     55.33,     45.85,     26.74,     28.72]
